# CUTOFF	ENERGY [MeV]	OMEGA [MeV]	PHSH [deg]	ERE [fm^-(2l+1)]	Flag G_C	Flag G_CT	G_C(rmin,rmin) [MeV^-1 fm^-3]	 G_CT(rmin,rmin) [MeV^-1 fm^-3]
0.0	0.0078	0.5	-0.13610041094571257	-0.01417181001238944	0	0	-24.105604927093726	-24.105215833968735
0.0	0.0156	0.5	-1.3069432281449582	-0.013144935629998494	0	0	-24.105654904183492	-24.10523730204123
0.0	0.0233	0.5	-3.3843357769067137	-0.012363273260225228	0	0	-24.105709370176314	-24.10525868158383
0.0	0.0311	0.5	-5.858057764921221	-0.011808095584588691	0	0	-24.105767015585023	-24.105280532303134
0.0	0.0389	0.5	-8.478161859716145	-0.01114077738568215	0	0	-24.105818202038442	-24.105302582368324
0.0	0.0467	0.5	-11.330211884303566	-0.009982318425969618	0	0	-24.105854008127476	-24.105324836539236
0.0	0.0544	0.5	-14.352248196763927	-0.00853572398893739	0	0	-24.105878971953832	-24.10534701041304
0.0	0.0622	0.5	-17.354772366375062	-0.007215807621455999	0	0	-24.10590506005484	-24.105369684989007
0.0	0.07	0.5	-20.0784489757605	-0.006221399547685889	0	0	-24.10593664546223	-24.10539257894052
0.0	0.0778	0.5	-22.483881873149517	-0.005495979402838233	0	0	-24.10597269016868	-24.105415697759543
0.0	0.0855	0.5	-24.618549854163806	-0.004919535476881506	0	0	-24.106009923566113	-24.105438746309414
0.0	0.0933	0.5	-26.654045240496554	-0.004346171246021227	0	0	-24.10604638914539	-24.105462329103652
0.0	0.1011	0.5	-28.68520549291527	-0.0036661908762270837	0	0	-24.10607896828509	-24.105486154438786
0.0	0.1089	0.5	-30.81722467677962	-0.0027940158468415903	0	0	-24.106105769768128	-24.105510228691116
0.0	0.1166	0.5	-33.0813885579164	-0.0017123282435898592	0	0	-24.106125929792917	-24.10553424492106
0.0	0.1244	0.5	-35.53588741384675	-0.0004227410559787606	0	0	-24.106140815999076	-24.10555883374122
0.0	0.1322	0.5	-38.08750579614464	0.0009816352003126187	0	0	-24.106152179770923	-24.105583692067146
0.0	0.14	0.5	-40.62947072581352	0.00240128377179041	0	0	-24.106162520095975	-24.10560882735226
0.0	0.1477	0.5	-43.022153055423686	0.003734734118157286	0	0	-24.106173810880602	-24.105633919623337
0.0	0.1555	0.5	-45.250239769779334	0.004966184912482394	0	0	-24.106187639402332	-24.10565962862175
0.0	0.1633	0.5	-47.250184117900424	0.0060630360430709365	0	0	-24.10620429484843	-24.105685638733195
0.0	0.1711	0.5	-49.03390527903239	0.007039208641657791	0	0	-24.106223505598976	-24.105711958733938
0.0	0.1788	0.5	-50.623339626010484	0.007915604371539677	0	0	-24.106244283408476	-24.10573825419373
0.0	0.1866	0.5	-52.115924452039394	0.00875524690108185	0	0	-24.10626625018617	-24.105765217561025
0.0	0.1944	0.5	-53.55053995845931	0.009589213601794853	0	0	-24.106288160009886	-24.105792519371413
0.0	0.2022	0.5	-54.983911504826146	0.010458078641703054	0	0	-24.10630908055008	-24.105820170041397
0.0	0.2099	0.5	-56.4445668464014	0.011383933314672575	0	0	-24.106327987214552	-24.105847819027677
0.0	0.2177	0.5	-58.00596200090446	0.012416572810125058	0	0	-24.106344790398513	-24.105876195748934
0.0	0.2255	0.5	-59.67095215695637	0.01355969939978122	0	0	-24.106358903244058	-24.105904955366984
0.0	0.2333	0.5	-61.44499358824468	0.014816459214960036	0	0	-24.10637028658512	-24.10593411035279
0.0	0.2411	0.5	-63.3175430088982	0.016178102141552537	0	0	-24.1063791866295	-24.105963673772425
0.0	0.2488	0.5	-65.23863914598105	0.01760673674831148	0	0	-24.10638601434574	-24.105993272162777
0.0	0.2566	0.5	-67.22365322826396	0.019113901446755188	0	0	-24.1063915963002	-24.106023688524722
0.0	0.2644	0.5	-69.20827873628961	0.02065270188815317	0	0	-24.10639656005182	-24.106054556272305
0.0	0.2722	0.5	-71.15375250899629	0.02219530402597437	0	0	-24.106401608466374	-24.106085891238404
0.0	0.2799	0.5	-73.00407525204757	0.02369892646854755	0	0	-24.10640725873625	-24.106117298996285
0.0	0.2877	0.5	-74.78471005100938	0.025185886716621975	0	0	-24.106414091984487	-24.10614961264322
0.0	0.2955	0.5	-76.45942772588731	0.02662705943780948	0	0	-24.10642229869935	-24.10618244583439
0.0	0.3033	0.5	-78.02738620617471	0.0280204223480129	0	0	-24.10643195877977	-24.106215817962173
0.0	0.311	0.5	-79.47860825890649	0.02935339665218145	0	0	-24.106442845835403	-24.106249310819738
0.0	0.3188	0.5	-80.86567888390869	0.030670168203926346	0	0	-24.106455043475023	-24.10628381567769
0.0	0.3266	0.5	-82.18850574058841	0.03196656713659211	0	0	-24.106468127910507	-24.106318923942656
0.0	0.3344	0.5	-83.4685405913518	0.033258353556940776	0	0	-24.10648175208145	-24.106354659650968
0.0	0.3421	0.5	-84.71133899994868	0.034545496909640684	0	0	-24.106495367496688	-24.106390577457297
0.0	0.3499	0.5	-85.9693169846259	0.03587804937360625	0	0	-24.106508961420488	-24.106427636895717
0.0	0.3577	0.5	-87.24415035831335	0.037255223476808354	0	0	-24.106522011830627	-24.106465404214852
0.0	0.3655	0.5	-88.55042605255363	0.038691043070077674	0	0	-24.10653421770275	-24.106503909604026
0.0	0.3732	0.5	-89.88122301626883	0.04017729468659671	0	0	-24.10654520349776	-24.10654267655514
0.0	0.381	0.5	88.72254642875662	0.04176115060417563	0	0	-24.106555087712653	-24.10658274565776
0.0	0.3888	0.5	87.27581097266655	0.0434292126396196	0	0	-24.106563631281528	-24.106623654607272
0.0	0.3966	0.5	85.78070994800647	0.04518355597585231	0	0	-24.1065708281573	-24.1066654418878
0.0	0.4043	0.5	84.26308659371459	0.04699890599995117	0	0	-24.10657668425729	-24.106707594985068
0.0	0.4121	0.5	82.69235674676224	0.04891840479956309	0	0	-24.10658149651436	-24.106751252037064
0.0	0.4199	0.5	81.09902823868252	0.050912618510625444	0	0	-24.10658538657103	-24.106795918246306
0.0	0.4277	0.5	79.49525800947166	0.0529734950832806	0	0	-24.10658860291508	-24.10684164349943
0.0	0.4354	0.5	77.91372455757222	0.05506464682015866	0	0	-24.106591383004844	-24.10688787343345
0.0	0.4432	0.5	76.32451429860079	0.05723157042046993	0	0	-24.10659407225544	-24.10693586541204
0.0	0.451	0.5	74.75779886470204	0.059439306364822836	0	0	-24.10659689432412	-24.10698508763769
0.0	0.4588	0.5	73.22093730267812	0.06168113786390057	0	0	-24.106600080717186	-24.10703560602189
0.0	0.4665	0.5	71.73780206421938	0.06392301356869112	0	0	-24.10660376852645	-24.107086817316965
0.0	0.4743	0.5	70.27216458268434	0.06622071337530488	0	0	-24.106608191453557	-24.10714012724319
0.0	0.4821	0.5	68.8434799339682	0.06854527871760956	0	0	-24.106613391585086	-24.107194962001763
0.0	0.4899	0.5	67.44965878312526	0.0708991707788989	0	0	-24.10661940159393	-24.107251410605006
0.0	0.4977	0.5	66.0869657145106	0.07328722504698945	0	0	-24.10662620410241	-24.10730956940049
0.0	0.5054	0.5	64.76745529585823	0.07568500794264468	0	0	-24.106633636548914	-24.10736876200974
0.0	0.5132	0.5	63.45121900653757	0.07816360778988685	0	0	-24.10664179437291	-24.10743063808521
0.0	0.521	0.5	62.14950144158798	0.08070267447388287	0	0	-24.106650457973256	-24.107494564055695
0.0	0.5288	0.5	60.85626099582718	0.08331403477675017	0	0	-24.106659478990405	-24.10756067433036
0.0	0.5365	0.5	59.58232020048916	0.08597537711731155	0	0	-24.10666857785458	-24.10762822284642
0.0	0.5443	0.5	58.289475840541314	0.08876929374272627	0	0	-24.10667782722966	-24.107699122964917
0.0	0.5521	0.5	56.989855882490986	0.0916759321837555	0	0	-24.10668694710571	-24.10777268869143
0.0	0.5599	0.5	55.67991998262848	0.09470976404547984	0	0	-24.106695784025842	-24.107849113480444
0.0	0.5676	0.5	54.37413626071378	0.09784377222312696	0	0	-24.106704094984153	-24.107927570880634
0.0	0.5754	0.5	53.037002659374984	0.10117394349677036	0	0	-24.106711978804515	-24.10801033149839
0.0	0.5832	0.5	51.68474113504922	0.10467530020637006	0	0	-24.10671923025643	-24.108096656906845
0.0	0.591	0.5	50.317592533137194	0.10836269032535337	0	0	-24.10672578212079	-24.108186836170287
0.0	0.5987	0.5	48.95436529515272	0.112199930919062	0	0	-24.106731526344962	-24.10827995359815
0.0	0.6065	0.5	47.56129159972169	0.1163018572123879	0	0	-24.106736603422956	-24.108378783229977
0.0	0.6143	0.5	46.15812283406421	0.12063586602559553	0	0	-24.106740954082255	-24.108482545429514
0.0	0.6221	0.5	44.747295626850494	0.12521880336642058	0	0	-24.106744625778802	-24.108591692357027
0.0	0.6298	0.5	43.349548632581175	0.13000494938899343	0	0	-24.106747654617024	-24.10870521961241
0.0	0.6376	0.5	41.93107742144885	0.13513857072947288	0	0	-24.10675021068386	-24.108826647070014
0.0	0.6454	0.5	40.512354445790976	0.14058202797988298	0	0	-24.106752359186718	-24.10895519513445
0.0	0.6532	0.5	39.09542823194613	0.14636149971506024	0	0	-24.106754219167925	-24.109091612789676
0.0	0.6609	0.5	37.7000573404181	0.15242625684637515	0	0	-24.106755893758656	-24.10923483921351
0.0	0.6687	0.5	36.2912183987167	0.15896938409461422	0	0	-24.106757549392047	-24.109389573732727
0.0	0.6765	0.5	34.88784264497458	0.1659571727592537	0	0	-24.106759282616856	-24.109555160131585
0.0	0.6843	0.5	33.49027517438729	0.17344053173019267	0	0	-24.106761202750818	-24.109732934161986
0.0	0.692	0.5	32.11626819398367	0.18137361185921688	0	0	-24.10676337511171	-24.109921912412645
0.0	0.6998	0.5	30.72973776203995	0.19003505711878926	0	0	-24.106765934485853	-24.110128831088318
0.0	0.7076	0.5	29.347889973056457	0.19941407719167503	0	0	-24.106768915320036	-24.11035352198828
0.0	0.7154	0.5	27.969848798018223	0.20961808525696676	0	0	-24.106772358476352	-24.110598615046474
0.0	0.7232	0.5	26.594612947237657	0.22077810895180033	0	0	-24.10677628473848	-24.110867289569665
0.0	0.7309	0.5	25.238730415911295	0.23288979815602512	0	0	-24.106780635764988	-24.111159436365266
0.0	0.7387	0.5	23.86595229958147	0.24646453860435297	0	0	-24.10678550769197	-24.11148737127051
0.0	0.7465	0.5	22.49292051505763	0.26160091482328	0	0	-24.10679081347072	-24.111853439093423
0.0	0.7543	0.5	21.11876911704301	0.2786130608542891	0	0	-24.10679650492127	-24.112265165569692
0.0	0.762	0.5	19.760428532775617	0.29764005120042275	0	0	-24.10680244282899	-24.11272581701014
0.0	0.7698	0.5	18.38205739587555	0.3196945459290991	0	0	-24.10680871240537	-24.113259790112497
0.0	0.7776	0.5	17.00088354021302	0.3452395693289203	0	0	-24.106815161926296	-24.11387815071446
0.0	0.7854	0.5	15.616670921716475	0.37521764372940275	0	0	-24.10682171068289	-24.11460354456673
0.0	0.7931	0.5	14.247140809469922	0.4104396114544571	0	0	-24.106828192509123	-24.1154554075938
0.0	0.8009	0.5	12.856766415939335	0.4536791180756463	0	0	-24.106834695387274	-24.116500606362685
0.0	0.8087	0.5	11.463465457464652	0.5073091890457087	0	0	-24.10684105714101	-24.117796250537822
0.0	0.8165	0.5	10.067467575221004	0.5756743631036395	0	0	-24.106847205300298	-24.119447027669548
0.0	0.8242	0.5	8.686992897818078	0.6645921936435879	0	0	-24.106853001524538	-24.12159312752863
0.0	0.832	0.5	7.2864779359986365	0.7888706909611565	0	0	-24.106858540804037	-24.124591614459387
0.0	0.8398	0.5	5.884123700146203	0.9721364820072937	0	0	-24.106863700057573	-24.12901212760851
0.0	0.8476	0.5	4.4801858029219215	1.2699309870913507	0	0	-24.10686844474197	-24.136193912817344
0.0	0.8553	0.5	3.0928939281091314	1.828892701935074	0	0	-24.106872699942432	-24.149672864211606
0.0	0.8631	0.5	1.6863541212544653	3.33287999313507	0	0	-24.10687656606612	-24.18593899554889
0.0	0.8709	0.5	0.2786450059633294	20.03062902823042	0	0	-24.10687998704944	-24.58857482508638
0.0	0.8787	0.5	-1.1302355091716259	-4.901267413512721	0	0	-24.106882976894696	-23.98738657312976
0.0	0.8864	0.5	-2.5222705491299893	-2.1787581425305182	0	0	-24.106885530160884	-24.053033987173652
0.0	0.8942	0.5	-3.9337433305208327	-1.3848717547346676	0	0	-24.10688774821383	-24.072175794171866
0.0	0.902	0.5	-5.34675562962819	-1.0094014870586103	0	0	-24.106889639657762	-24.08122795563282
0.0	0.9098	0.5	-6.761506995122072	-0.7902434528905244	0	0	-24.106891256200573	-24.08651068440879
0.0	0.9175	0.5	-8.160029722938392	-0.6479213351601975	0	0	-24.106892638428562	-24.089940492551204
0.0	0.9253	0.5	-9.578844689209603	-0.5456776195046016	0	0	-24.10689388283729	-24.09240372843579
0.0	0.9331	0.5	-10.999970747126207	-0.4694186005399909	0	0	-24.106895033433073	-24.09424032438001
0.0	0.9409	0.5	-12.423530260334749	-0.4102602264479028	0	0	-24.10689615357328	-24.095664566149193
0.0	0.9487	0.5	-13.849585279002538	-0.36295420185687344	0	0	-24.106897304945427	-24.09680306815217
0.0	0.9564	0.5	-15.259797012081222	-0.32465369764109897	0	0	-24.106898529189955	-24.097724560166547
0.0	0.9642	0.5	-16.690710152618202	-0.292203899292329	0	0	-24.10689991108499	-24.098505114021673
0.0	0.972	0.5	-18.123863027091126	-0.2646486938815209	0	0	-24.106901482909407	-24.099167859286457
0.0	0.9798	0.5	-19.559017063859024	-0.240922170359412	0	0	-24.10690328501433	-24.099738538432092
0.0	0.9875	0.5	-20.977435251257532	-0.22049560271064805	0	0	-24.106905321590748	-24.100229945661262
0.0	0.9953	0.5	-22.415600540320085	-0.20226366247263594	0	0	-24.10690766933896	-24.100668727721654
0.0	1.0031	0.5	-23.854697410037446	-0.1860665179564847	0	0	-24.106910318978827	-24.101058770459666
0.0	1.0109	0.5	-25.294296417438566	-0.17156047891839477	0	0	-24.106913277234344	-24.101408367704636
0.0	1.0186	0.5	-26.715506372643432	-0.15863453558558807	0	0	-24.106916498571596	-24.101720190276787
0.0	1.0264	0.5	-28.15482454259319	-0.14673863624952402	0	0	-24.106920056976882	-24.102007495203573
0.0	1.0342	0.5	-29.593404021293086	-0.13587369322060408	0	0	-24.10692389533894	-24.102270243243453
0.0	1.042	0.5	-31.030906443136278	-0.12589596441660456	0	0	-24.106927989668623	-24.102511876155045
0.0	1.0497	0.5	-32.448657455572054	-0.11680014281579904	0	0	-24.106932253388983	-24.102732473765908
0.0	1.0575	0.5	-33.88329178252223	-0.10825153096753015	0	0	-24.1069367627747	-24.102940104856852
0.0	1.0653	0.5	-35.316285347095004	-0.10028897835305284	0	0	-24.106941425034133	-24.103133778582112
0.0	1.0731	0.5	-36.747631884912806	-0.09284111735007489	0	0	-24.106946198410895	-24.103315173781365
0.0	1.0808	0.5	-38.159102408872506	-0.08593387608142108	0	0	-24.106950976933827	-24.10348359665107
0.0	1.0886	0.5	-39.58754575092859	-0.07933570042373968	0	0	-24.10695584064896	-24.10364463483907
0.0	1.0964	0.5	-41.014902252563935	-0.0730933463310908	0	0	-24.106960683411547	-24.103797092421292
0.0	1.1042	0.5	-42.44153601536703	-0.06716695118856228	0	0	-24.106965461874776	-24.103941886985307
0.0	1.1119	0.5	-43.84959568817775	-0.06159234269899948	0	0	-24.1069700756013	-24.104078090549265
0.0	1.1197	0.5	-45.276140441956485	-0.05619434783281997	0	0	-24.106974606270235	-24.104209934954465
0.0	1.1275	0.5	-46.70341354807184	-0.05101999481121733	0	0	-24.106978958168263	-24.10433622712576
0.0	1.1353	0.5	-48.13196647545805	-0.04604531551845263	0	0	-24.106983100471	-24.104457513928086
0.0	1.143	0.5	-49.5439996925169	-0.04130951120166661	0	0	-24.106986958614335	-24.104572810956117
0.0	1.1508	0.5	-50.976717610450095	-0.036670906104376504	0	0	-24.106990612136002	-24.104685542159924
0.0	1.1586	0.5	-52.412290742092196	-0.03217532551877057	0	0	-24.10699399396228	-24.10479457114629
0.0	1.1664	0.5	-53.85115773627559	-0.027807846577147882	0	0	-24.106997094411867	-24.10490024783323
0.0	1.1741	0.5	-55.27516475322093	-0.02360903885373597	0	0	-24.106999875323137	-24.105001590321333
0.0	1.1819	0.5	-56.72157212641804	-0.01945814662896756	0	0	-24.107002410766004	-24.105101514516967
0.0	1.1897	0.5	-58.17208603843309	-0.015399881354403538	0	0	-24.10700467022382	-24.10519894652722
0.0	1.1975	0.5	-59.62677215869689	-0.01142487136479118	0	0	-24.10700666645905	-24.1052941248745
0.0	1.2053	0.5	-61.08558074545021	-0.007524770343371727	0	0	-24.107008417182662	-24.10538726830948
0.0	1.213	0.5	-62.52956763615524	-0.0037408752378830165	0	0	-24.107009926298286	-24.10547741839288
0.0	1.2208	0.5	-63.99596103519572	3.167714011188122e-05	0	0	-24.107011258781423	-24.10556710092623
0.0	1.2286	0.5	-65.46564365830442	0.0037492901915219534	0	0	-24.107012422952703	-24.105655306655667
0.0	1.2364	0.5	-66.93812715873489	0.007417329101469763	0	0	-24.107013450690065	-24.105742196629937
0.0	1.2441	0.5	-68.39391895386659	0.010994462080824087	0	0	-24.107014364362527	-24.10582682922877
0.0	1.2519	0.5	-69.87019403819076	0.014577989191803663	0	0	-24.107015222146742	-24.105911542751855
0.0	1.2597	0.5	-71.34736225964029	0.018125266758230042	0	0	-24.10701604675331	-24.105995364496057
0.0	1.2675	0.5	-72.82469407320177	0.021640109048477192	0	0	-24.107016872961957	-24.10607842102858
0.0	1.2752	0.5	-74.28252181722088	0.02508159725221233	0	0	-24.107017723060203	-24.106159779837352
0.0	1.283	0.5	-75.75798582826238	0.028542543321162538	0	0	-24.107018650749286	-24.106241668111725
0.0	1.2908	0.5	-77.23144348842077	0.03198144367605761	0	0	-24.107019674924047	-24.106323136045447
0.0	1.2986	0.5	-78.7022379429646	0.035401625525873455	0	0	-24.107020822365605	-24.106404290475464
0.0	1.3063	0.5	-80.15098537188443	0.03876285184376543	0	0	-24.107022098942142	-24.106484198176926
0.0	1.3141	0.5	-81.61480794429829	0.04215576507431602	0	0	-24.107023557435976	-24.106565034619607
0.0	1.3219	0.5	-83.0744463677022	0.04554007216931254	0	0	-24.107025198181198	-24.10664585988339
0.0	1.3297	0.5	-84.52957841568882	0.04891933120560663	0	0	-24.107027032990054	-24.106726771415058
0.0	1.3374	0.5	-85.96142308201772	0.052253918714372016	0	0	-24.10702904206345	-24.1068068244167
0.0	1.3452	0.5	-87.40706325010206	0.055634248732666036	0	0	-24.107031280965064	-24.106888193075385
0.0	1.353	0.5	-88.84787052426131	0.059021025320394035	0	0	-24.107033724207778	-24.106969934983812
0.0	1.3608	0.5	89.7160538707537	0.062418443509889246	0	0	-24.10703636709634	-24.107052146451014
0.0	1.3685	0.5	88.30283705676106	0.06578702959094337	0	0	-24.107039163657475	-24.107133859446076
0.0	1.3763	0.5	86.8754888637755	0.06921882232583017	0	0	-24.10704217469472	-24.107217293951976
0.0	1.3841	0.5	85.45202775807043	0.07267498068470442	0	0	-24.107045349966235	-24.107301493097864
0.0	1.3919	0.5	84.03202470262116	0.07616052221183164	0	0	-24.107048671525533	-24.107386559784707
0.0	1.3996	0.5	82.63314890339832	0.07963531423897777	0	0	-24.107052074102793	-24.107471490154186
0.0	1.4074	0.5	81.21855264127908	0.08319501808811847	0	0	-24.107055623965348	-24.107558598322747
0.0	1.4152	0.5	79.80587896598934	0.0868004367996905	0	0	-24.1070592537915	-24.107646901108147
0.0	1.423	0.5	78.39457648270486	0.09045750823069755	0	0	-24.107062938580842	-24.107736516558074
0.0	1.4308	0.5	76.98409857594972	0.09417242024768355	0	0	-24.107066652681013	-24.107827568098923
0.0	1.4385	0.5	75.59199615238138	0.09790273645268815	0	0	-24.10707032266133	-24.10791898739678
0.0	1.4463	0.5	74.18161737017792	0.10175200100525995	0	0	-24.10707401849417	-24.10801328392303
0.0	1.4541	0.5	72.77058439023361	0.10567921198834412	0	0	-24.107077667507603	-24.108109424848582
0.0	1.4619	0.5	71.35848965678112	0.10969170589298587	0	0	-24.10708124577032	-24.10820756302594
0.0	1.4696	0.5	69.96311576994941	0.11374391067887238	0	0	-24.107084686768054	-24.108306560844206
0.0	1.4774	0.5	68.54793641611246	0.11794905578314638	0	0	-24.107088059327722	-24.108409161367998
0.0	1.4852	0.5	67.13084534595178	0.1222636119138581	0	0	-24.107091299389534	-24.108514278847665
0.0	1.493	0.5	65.71169446494807	0.1266965373491124	0	0	-24.107094390543253	-24.10862211277064
0.0	1.5007	0.5	64.30864139611852	0.1311980014180716	0	0	-24.107097282454703	-24.108731438457266
0.0	1.5085	0.5	62.88523405940249	0.13589490892141282	0	0	-24.10710003918501	-24.108845325109783
0.0	1.5163	0.5	61.45973602094381	0.14074041159563228	0	0	-24.107102613762105	-24.108962623469413
0.0	1.5241	0.5	60.03226382846488	0.1457460634447228	0	0	-24.107105000768932	-24.109083606614824
0.0	1.5318	0.5	58.6213229673899	0.15085677745928605	0	0	-24.107107170788776	-24.10920694349904
0.0	1.5396	0.5	57.190480794367275	0.15621862265825184	0	0	-24.107109180658068	-24.109336159310796
0.0	1.5474	0.5	55.75830581541721	0.161780995738528	0	0	-24.107111004324175	-24.10947003462129
0.0	1.5552	0.5	54.32508325314978	0.16755988722270215	0	0	-24.10711264792232	-24.109608961046384
0.0	1.5629	0.5	52.909505902111164	0.1734941995162568	0	0	-24.107114102388895	-24.109751482440863
0.0	1.5707	0.5	51.4751178786999	0.17975720686138286	0	0	-24.107115416589743	-24.10990177308507
0.0	1.5785	0.5	50.040616151778636	0.18629479156147893	0	0	-24.10711658397744	-24.110058547789766
0.0	1.5863	0.5	48.60631008248822	0.1931307796269517	0	0	-24.10711761994176	-24.110222396369807
0.0	1.594	0.5	47.190871268164166	0.20019781412167006	0	0	-24.10711853039199	-24.11039172622278
0.0	1.6018	0.5	45.757802905760784	0.20770900642611456	0	0	-24.107119357231767	-24.110571666284013
0.0	1.6096	0.5	44.325732771278545	0.21560837144855688	0	0	-24.107120107450278	-24.11076089936951
0.0	1.6174	0.5	42.89486843131729	0.22393401752289172	0	0	-24.10712080129056	-24.11096036454519
0.0	1.6251	0.5	41.48369706171934	0.23261335936515626	0	0	-24.107121451095836	-24.111168349091514
0.0	1.6329	0.5	40.05569315346742	0.24192079338195882	0	0	-24.107122094230256	-24.111391456160096
0.0	1.6407	0.5	38.62928131601264	0.25180346974333695	0	0	-24.10712274251749	-24.111628448518854
0.0	1.6485	0.5	37.204508936149814	0.2623268731707785	0	0	-24.107123415834106	-24.111880925004346
0.0	1.6563	0.5	35.781383550680324	0.27356694481420407	0	0	-24.1071241331884	-24.112150735723926
0.0	1.664	0.5	34.3780897169662	0.28545230087221996	0	0	-24.107124901993398	-24.112436191424905
0.0	1.6718	0.5	32.958115098675705	0.29839431365737623	0	0	-24.10712575852786	-24.112747198272487
0.0	1.6796	0.5	31.539600857081297	0.31236636197034756	0	0	-24.107126708128824	-24.113083144423793
0.0	1.6874	0.5	30.12242787164652	0.32751391391906426	0	0	-24.1071277638915	-24.113447550594604
0.0	1.6951	0.5	28.724603192984418	0.34379032514427865	0	0	-24.107128921142472	-24.113839311551835
0.0	1.7029	0.5	27.30966692591876	0.36182629286918416	0	0	-24.10713021893981	-24.114273625763044
0.0	1.7107	0.5	25.895615999618226	0.3816753408916845	0	0	-24.10713164998954	-24.114751800861
0.0	1.7185	0.5	24.482281939805166	0.4036524963948191	0	0	-24.107133219056823	-24.115281437846374
0.0	1.7262	0.5	23.087606699920375	0.4278180926404069	0	0	-24.107134905883758	-24.115863995048205
0.0	1.734	0.5	21.675203958921035	0.45528850292784884	0	0	-24.10713675465497	-24.116526388128687
0.0	1.7418	0.5	20.263036100825143	0.4863978622489793	0	0	-24.107138742613095	-24.117276675259657
0.0	1.7496	0.5	18.850962538793635	0.521966327880284	0	0	-24.107140865938096	-24.11813462916002
0.0	1.7573	0.5	17.456963011118223	0.5625121508118571	0	0	-24.107143089176716	-24.119112734411317
0.0	1.7651	0.5	16.044723889940393	0.6105389810577281	0	0	-24.107145462557376	-24.120271365227573
0.0	1.7729	0.5	14.632260919027377	0.6675874445441784	0	0	-24.107147948753937	-24.121647657146195
0.0	1.7807	0.5	13.219506523763886	0.7365548114406498	0	0	-24.1071505369836	-24.12331146175135
0.0	1.7884	0.5	11.824532142849034	0.8205078039341713	0	0	-24.10715318028412	-24.125336703496906
0.0	1.7962	0.5	10.411076927579415	0.9281539189840399	0	0	-24.10715593421432	-24.12793335729479
0.0	1.804	0.5	8.997245248353602	1.0692363649486463	0	0	-24.10715875083204	-24.13133633812034
0.0	1.8118	0.5	7.583043601139428	1.2624746999930334	0	0	-24.10716161525414	-24.13599701934715
0.0	1.8195	0.5	6.186629985983699	1.5393505447278297	0	0	-24.107164474814148	-24.14267449327495
0.0	1.8273	0.5	4.771765667574996	1.9843464235551609	0	0	-24.10716738827687	-24.153405916674064
0.0	1.8351	0.5	3.3566243643259552	2.803511317334233	0	0	-24.10717030292687	-24.17315975836618
0.0	1.8429	0.5	1.9412523127263737	4.815378022788198	0	0	-24.107173203140825	-24.22167344208462
0.0	1.8506	0.5	0.5438472900855754	17.067800929872917	0	0	-24.107176037077426	-24.517119598586465
0.0	1.8584	0.5	-0.8718393294705964	-10.5659907194061	0	0	-24.107178863733836	-23.85078173746373
0.0	1.8662	0.5	-2.287615828646466	-3.9942763488345454	0	0	-24.107181632017074	-24.0092477981927
0.0	1.874	0.5	-3.703443672747251	-2.446052911298579	0	0	-24.107184328736007	-24.04658138733727
0.0	1.8817	0.5	-5.101140845216119	-1.7598513238883813	0	0	-24.107186908807417	-24.06312878939163
0.0	1.8895	0.5	-6.516991656791641	-1.3642044948543839	0	0	-24.107189428365004	-24.072669912907806
0.0	1.8973	0.5	-7.9328363859102495	-1.1092622640781715	0	0	-24.107191843624257	-24.078818101883193
0.0	1.9051	0.5	-9.348680053272126	-0.9310909257926422	0	0	-24.10719414626311	-24.08311499373519
0.0	1.9129	0.5	-10.7645410996416	-0.7993924576888173	0	0	-24.107196329437276	-24.08629116362804
0.0	1.9206	0.5	-12.162298189843808	-0.6991090664281896	0	0	-24.10719836226207	-24.088709693560862
0.0	1.9284	0.5	-13.578300875472186	-0.6182515255857597	0	0	-24.107200293851943	-24.0906596881227
0.0	1.9362	0.5	-14.994453311557562	-0.5523668274991222	0	0	-24.107202094870132	-24.092248515702806
0.0	1.944	0.5	-16.41082236870872	-0.4975751107356353	0	0	-24.107203764801298	-24.09356973158136
0.0	1.9517	0.5	-17.80931896740278	-0.45177830408843583	0	0	-24.107205285794407	-24.094673930174164
0.0	1.9595	0.5	-19.226348571825042	-0.4119350172526923	0	0	-24.107206699952595	-24.09563444883698
0.0	1.9673	0.5	-20.64383653980702	-0.3773282135886564	0	0	-24.107207990808128	-24.096468582300314
0.0	1.9751	0.5	-22.061869711208793	-0.34694609473708443	0	0	-24.107209163901118	-24.0972007337434
0.0	1.9828	0.5	-23.462341025909495	-0.32034695889787307	0	0	-24.107210213156193	-24.097841568678355
0.0	1.9906	0.5	-24.88170641274448	-0.2962524010673422	0	0	-24.107211173832596	-24.09842190706948
0.0	1.9984	0.5	-26.3018559502575	-0.27456195512949005	0	0	-24.107212040799652	-24.098944187173657
0.0	2.0062	0.5	-27.722853646338674	-0.25490437609057504	0	0	-24.10721282422169	-24.09941737100959
0.0	2.0139	0.5	-29.126515946543766	-0.2372005362246079	0	0	-24.107213526390357	-24.0998433893236
0.0	2.0217	0.5	-30.549338685394666	-0.2207493566434948	0	0	-24.10721417708903	-24.100239136065376
0.0	2.0295	0.5	-31.973119719019895	-0.205590462297983	0	0	-24.10721477894628	-24.100603678891442
0.0	2.0373	0.5	-33.3978628014742	-0.1915571182520735	0	0	-24.107215344514064	-24.10094105081975
0.0	2.045	0.5	-34.80526913429916	-0.17867129759961756	0	0	-24.107215879690937	-24.101250748035138
0.0	2.0528	0.5	-36.23186125534376	-0.1664816995987746	0	0	-24.107216411032965	-24.10154363892949
0.0	2.0606	0.5	-37.659314346914265	-0.15506149556600268	0	0	-24.107216944139466	-24.101817984912884
0.0	2.0684	0.5	-39.087556921553634	-0.14432497871983077	0	0	-24.10721749141274	-24.10207586500809
0.0	2.0761	0.5	-40.49817601991856	-0.13432465440955502	0	0	-24.10721805727035	-24.10231603739293
0.0	2.0839	0.5	-41.927706889143856	-0.1247375874840227	0	0	-24.107218667718215	-24.102546275204695
0.0	2.0917	0.5	-43.35771444008549	-0.11564180047520736	0	0	-24.107219326349256	-24.10276472057063
0.0	2.0995	0.5	-44.78806685606812	-0.10698865075555142	0	0	-24.107220043112015	-24.102972556326534
0.0	2.1072	0.5	-46.20028160199135	-0.09883882910424178	0	0	-24.107220816538923	-24.10316833710095
0.0	2.115	0.5	-47.63089303985981	-0.09094327004079478	0	0	-24.10722167468681	-24.103358057430736
0.0	2.1228	0.5	-49.06140990151999	-0.08337674787529074	0	0	-24.107222614948007	-24.10353993127806
0.0	2.1306	0.5	-50.491679785363374	-0.07610936791742166	0	0	-24.107223643177928	-24.10371468531475
0.0	2.1384	0.5	-51.92155291163936	-0.06911437397581238	0	0	-24.107224764052525	-24.103882969354373
0.0	2.1461	0.5	-53.332564511276146	-0.06245273382286669	0	0	-24.10722596481583	-24.10404331971001
0.0	2.1539	0.5	-54.761230446462115	-0.055929928093969725	0	0	-24.107227278879265	-24.104200421696888
0.0	2.1617	0.5	-56.18909850403415	-0.049614316835736666	0	0	-24.10722869229702	-24.104352632256923
0.0	2.1695	0.5	-57.61605932922903	-0.04348797368226051	0	0	-24.10723020488065	-24.104500383425663
0.0	2.1772	0.5	-59.02374525249236	-0.03760981618846661	0	0	-24.107231793998068	-24.104642250808
0.0	2.185	0.5	-60.44864594231729	-0.031812292135236744	0	0	-24.10723349843297	-24.104782275372976
0.0	2.1928	0.5	-61.872418684281655	-0.026158964946183152	0	0	-24.10723529456045	-24.104918919773972
0.0	2.2006	0.5	-63.29503011458662	-0.020637028028339707	0	0	-24.107237177734536	-24.105052488136504
0.0	2.2083	0.5	-64.69825247895137	-0.015303148129215696	0	0	-24.10723911666894	-24.1051816014235
0.0	2.2161	0.5	-66.11854324543086	-0.010007821739092468	0	0	-24.10724115530714	-24.105309871082074
0.0	2.2239	0.5	-67.53770302603655	-0.004810696004982504	0	0	-24.10724326170032	-24.105435845611805
0.0	2.2317	0.5	-68.9557846154281	0.00029796046284029376	0	0	-24.107245427870392	-24.105559751654617
0.0	2.2394	0.5	-70.35469901526403	0.005263303405600314	0	0	-24.107247616525157	-24.105680247858764
0.0	2.2472	0.5	-71.77087154882675	0.010222885862348305	0	0	-24.107249875538436	-24.105800661953403
0.0	2.255	0.5	-73.18623542113606	0.015119971220857814	0	0	-24.107252167337524	-24.105919606739906
0.0	2.2628	0.5	-74.60091209014179	0.01996240824384333	0	0	-24.107254482183013	-24.106037261704135
0.0	2.2705	0.5	-75.99690795199409	0.024696491875764663	0	0	-24.107256780276455	-24.10615231020999
0.0	2.2783	0.5	-77.4106234712237	0.029452313399611872	0	0	-24.10725911144046	-24.106267902510353
0.0	2.2861	0.5	-78.82407420740284	0.034175045971926436	0	0	-24.10726143596199	-24.10638269506721
0.0	2.2939	0.5	-80.2374122394859	0.03887140072531047	0	0	-24.107263744057107	-24.106496839891324
0.0	2.3016	0.5	-81.63266901221803	0.04348803409719842	0	0	-24.107265997135876	-24.106609030030505
0.0	2.3094	0.5	-83.04623350915163	0.0481511356235739	0	0	-24.10726824462502	-24.10672232174643
0.0	2.3172	0.5	-84.46013099895397	0.05280683964526389	0	0	-24.107270448317994	-24.106835395941772
0.0	2.325	0.5	-85.87449842957936	0.05746123666519522	0	0	-24.107272599975285	-24.106948391207613
0.0	2.3327	0.5	-87.27131741812492	0.06206054254148502	0	0	-24.107274665543812	-24.107059994269804
0.0	2.3405	0.5	-88.68698150362962	0.06673009677973797	0	0	-24.10727669177375	-24.107173238691892
0.0	2.3483	0.5	89.89654672198934	0.07141611393248819	0	0	-24.107278645193997	-24.10728681180949
0.0	2.3561	0.5	88.47918476119169	0.07612448537358749	0	0	-24.107280520343853	-24.107400850192068
0.0	2.3639	0.5	87.0608680167524	0.0808611165503486	0	0	-24.107282312594556	-24.10751549158067
0.0	2.3716	0.5	85.65975365985085	0.08557054747758243	0	0	-24.107283996881613	-24.107629390994337
0.0	2.3794	0.5	84.23942316337175	0.09038105104731105	0	0	-24.10728561411389	-24.1077456474658
0.0	2.3872	0.5	82.8180598093699	0.09523780831011552	0	0	-24.107287139893717	-24.107862932195687
0.0	2.395	0.5	81.39567678466233	0.10014705799570431	0	0	-24.107288573181307	-24.107981394551643
0.0	2.4027	0.5	79.99056087550554	0.10505110534163092	0	0	-24.107289897252606	-24.10809964378384
0.0	2.4105	0.5	78.566265654484	0.11008385184097477	0	0	-24.107291147274708	-24.108220909354905
0.0	2.4183	0.5	77.14110081742504	0.11518882548667406	0	0	-24.107292307126922	-24.10834383065878
0.0	2.4261	0.5	75.71514969844534	0.12037312663829569	0	0	-24.10729337933819	-24.10846858140955
0.0	2.4338	0.5	74.30680367817077	0.12557601624950943	0	0	-24.10729435511245	-24.10859370516185
0.0	2.4416	0.5	72.87959017497012	0.130940336817212	0	0	-24.107295263877166	-24.108722641671594
0.0	2.4494	0.5	71.45191379878248	0.13640729490937153	0	0	-24.107296097276233	-24.1088539819028
0.0	2.4572	0.5	70.02390048928034	0.1419855764136469	0	0	-24.107296860826207	-24.10898794079033
0.0	2.4649	0.5	68.61399234138572	0.14761054885175712	0	0	-24.10729755205047	-24.109122974114417
0.0	2.4727	0.5	67.18570021573163	0.15343805962123752	0	0	-24.107298195480876	-24.109262830750886
0.0	2.4805	0.5	65.757466832573	0.15940639600558992	0	0	-24.107298788849555	-24.10940603714659
0.0	2.4883	0.5	64.32942308232211	0.16552689696231973	0	0	-24.10729933964149	-24.10955287417977
0.0	2.496	0.5	62.919996891932165	0.17173012667744852	0	0	-24.107299849212684	-24.109701685433922
0.0	2.5038	0.5	61.49269801952562	0.17819030599501393	0	0	-24.10730033871416	-24.109856659861812
0.0	2.5116	0.5	60.065943852892204	0.18484232734058276	0	0	-24.107300809455708	-24.11001624542018
0.0	2.5194	0.5	58.63983487973222	0.191701854570981	0	0	-24.10730126962267	-24.11018082797567
0.0	2.5271	0.5	57.2327288326733	0.1986936911131283	0	0	-24.107301721482116	-24.110348612911938
0.0	2.5349	0.5	55.80815246346243	0.206018011118363	0	0	-24.10730218472805	-24.110524413947005
0.0	2.5427	0.5	54.38444676224598	0.21360612213720961	0	0	-24.10730266134873	-24.11070659307142
0.0	2.5505	0.5	52.9616593174049	0.22148079256516887	0	0	-24.107303158935096	-24.110895706871407
0.0	2.5582	0.5	51.55804558385433	0.22956018446942972	0	0	-24.107303677794754	-24.111089798430942
0.0	2.566	0.5	50.137166182867844	0.23808182237886064	0	0	-24.10730423818992	-24.111294583068535
0.0	2.5738	0.5	48.71726005303046	0.2469739706785568	0	0	-24.10730483997848	-24.111508347066884
0.0	2.5816	0.5	47.298317424628365	0.25627143624367216	0	0	-24.107305489045288	-24.111731935593145
0.0	2.5894	0.5	45.88031553330451	0.2660132633768451	0	0	-24.107306190710723	-24.111966295428104
0.0	2.5971	0.5	44.48138198508642	0.2761089622658432	0	0	-24.107306939577413	-24.112209255087887
0.0	2.6049	0.5	43.065135897414294	0.2868698679688942	0	0	-24.107307759128584	-24.11246831340091
0.0	2.6127	0.5	41.649696187614346	0.29822437370223326	0	0	-24.107308643424616	-24.112741753718996
0.0	2.6205	0.5	40.23500015612401	0.31023661007368614	0	0	-24.107309595183033	-24.113031125131783
0.0	2.6282	0.5	38.839103261240446	0.32281164270425894	0	0	-24.107310602876556	-24.113334142667167
0.0	2.636	0.5	37.42567545306392	0.33635955657228095	0	0	-24.10731169396745	-24.113660690683158
0.0	2.6438	0.5	36.01277256128933	0.3508193357039375	0	0	-24.107312856410715	-24.114009301617696
0.0	2.6516	0.5	34.60031618891008	0.3663042699288021	0	0	-24.107314090091606	-24.114382707114704
0.0	2.6593	0.5	33.20632966752301	0.38272554259660096	0	0	-24.10731537704128	-24.114778763097135
0.0	2.6671	0.5	31.7945295143601	0.40066382499273406	0	0	-24.107316749221763	-24.115211472169296
0.0	2.6749	0.5	30.382947639993795	0.42009807179831415	0	0	-24.107318188240377	-24.115680324059138
0.0	2.6827	0.5	28.97151413661504	0.4412486641995613	0	0	-24.10731969134803	-24.116190630091516
0.0	2.6904	0.5	27.578258232068677	0.464070662170512	0	0	-24.107321234791637	-24.11674129823343
0.0	2.6982	0.5	26.16693341652248	0.4894756684210086	0	0	-24.107322854824584	-24.117354315551477
0.0	2.706	0.5	24.755582441063275	0.5175758013154566	0	0	-24.10732452740754	-24.118032376950296
0.0	2.7138	0.5	23.344160784485144	0.5488617758455326	0	0	-24.107326247709267	-24.118787310284546
0.0	2.7215	0.5	21.95072898320639	0.5834735746484245	0	0	-24.107327987648535	-24.119622478095735
0.0	2.7293	0.5	20.53906534125071	0.6230872129815114	0	0	-24.107329786893693	-24.12057830364229
0.0	2.7371	0.5	19.12724444893181	0.6682947009977012	0	0	-24.107331617230475	-24.12166904920305
0.0	2.7449	0.5	17.715252782023793	0.720435558327927	0	0	-24.107333472540535	-24.122927008736415
0.0	2.7526	0.5	16.321189936880756	0.7804681523609122	0	0	-24.107335322407327	-24.124375276148783
0.0	2.7604	0.5	14.908846925345435	0.8524075412037917	0	0	-24.107337208525035	-24.12611067885804
0.0	2.7682	0.5	13.49633379651868	0.9390489760474826	0	0	-24.107339100488236	-24.1282006039582
0.0	2.776	0.5	12.08366232324635	1.045550677549451	0	0	-24.10734099180154	-24.130769426106628
0.0	2.7837	0.5	10.688962511176785	1.177859958874069	0	0	-24.10734285193403	-24.13396053834276
0.0	2.7915	0.5	9.276027822142307	1.3519395536123044	0	0	-24.107344722926292	-24.138158865371445
0.0	2.7993	0.5	7.8629924716823085	1.5879700759475206	0	0	-24.107346574377157	-24.143851010739986
0.0	2.8071	0.5	6.449880030888375	1.926670662976244	0	0	-24.107348400311384	-24.15201883687281
0.0	2.8148	0.5	5.054832264332439	2.445831470357291	0	0	-24.10735017222417	-24.164538099010162
0.0	2.8226	0.5	3.641637405344045	3.375940918015959	0	0	-24.10735193078287	-24.186966620118316
0.0	2.8304	0.5	2.22843469510723	5.483502237223065	0	0	-24.107353647694797	-24.237787227100174
0.0	2.8382	0.5	0.8152438224415006	14.891583756297287	0	0	-24.107355318276902	-24.464646644461585
0.0	2.846	0.5	-0.5979186453551232	-20.163056870335865	0	0	-24.10735693826795	-23.619367807728647
0.0	2.8537	0.5	-1.992923300182782	-6.005033597134214	0	0	-24.107358484146708	-23.960763383995275
0.0	2.8615	0.5	-3.4059956750239033	-3.485930632072454	0	0	-24.107359992769865	-24.021507378189867
0.0	2.8693	0.5	-4.819014843635258	-2.443120504178933	0	0	-24.107361440872904	-24.046653180597477
0.0	2.8771	0.5	-6.231982175722292	-1.8723816190430187	0	0	-24.10736282614433	-24.060415778150936
0.0	2.8848	0.5	-7.626790110224377	-1.5157253192505147	0	0	-24.107364130290016	-24.0690160972253
0.0	2.8926	0.5	-9.039679062816342	-1.2660835537672688	0	0	-24.10736538595934	-24.075035894286284
0.0	2.9004	0.5	-10.452551179949241	-1.0834288807945767	0	0	-24.107366575104038	-24.079440355104573
0.0	2.9082	0.5	-11.865428067022876	-0.9438257491688562	0	0	-24.10736769757676	-24.082806642085075
0.0	2.9159	0.5	-13.260221204470875	-0.8347944538192715	0	0	-24.107368740646955	-24.085435682230045
0.0	2.9237	0.5	-14.673188508087765	-0.7451124218233043	0	0	-24.107369732320393	-24.087598087140865
0.0	2.9315	0.5	-16.08624909414698	-0.6708423021816312	0	0	-24.107370660065158	-24.0893888006228
0.0	2.9393	0.5	-17.49943853670447	-0.6082473095864387	0	0	-24.107371525819097	-24.09089793042419
0.0	2.947	0.5	-18.89467297315605	-0.555344928186581	0	0	-24.107372322028	-24.092173287824615
0.0	2.9548	0.5	-20.308230004827223	-0.5088861074016962	0	0	-24.107373072207224	-24.093293213148936
0.0	2.9626	0.5	-21.722028977146632	-0.4682062151780623	0	0	-24.10737376892558	-24.09427373945038
0.0	2.9704	0.5	-23.136107089524955	-0.4322433385846088	0	0	-24.10737441585909	-24.095140476501694
0.0	2.9781	0.5	-24.5323643336542	-0.4005692266154865	0	0	-24.107375009603306	-24.095903761298917
0.0	2.9859	0.5	-25.94709944127987	-0.37172750891051676	0	0	-24.107375569880375	-24.096598703421265
0.0	2.9937	0.5	-27.362210407193725	-0.3456439866613686	0	0	-24.107376093317036	-24.097227102603345
0.0	3.0015	0.5	-28.77772200466012	-0.32190954869592464	0	0	-24.107376584771437	-24.09779882866559
0.0	3.0092	0.5	-30.175498255081028	-0.300458497753091	0	0	-24.107377043487386	-24.098315478781885
0.0	3.017	0.5	-31.59185897244325	-0.2804631067531106	0	0	-24.107377486522278	-24.098797001555813
0.0	3.0248	0.5	-33.0086618978992	-0.2619872745816585	0	0	-24.1073779130576	-24.099241869157677
0.0	3.0326	0.5	-34.42590840706841	-0.24484122719945173	0	0	-24.10737832845323	-24.099654662991426
0.0	3.0403	0.5	-35.8254148605782	-0.22906306777220797	0	0	-24.107378732844968	-24.10003447802413
0.0	3.0481	0.5	-37.24351980293452	-0.21410857113570814	0	0	-24.107379142022896	-24.10039442573576
0.0	3.0559	0.5	-38.66203126855265	-0.20007365733886734	0	0	-24.107379555979445	-24.10073220683527
0.0	3.0637	0.5	-40.08092305522072	-0.1868584507435358	0	0	-24.1073799798691	-24.101050234784132
0.0	3.0715	0.5	-41.50016237130296	-0.1743765968426821	0	0	-24.107380418690145	-24.101350596850065
0.0	3.0792	0.5	-42.90150912860254	-0.16270072822684933	0	0	-24.10738087122271	-24.10163155385973
0.0	3.087	0.5	-44.32131779202882	-0.15146262690263587	0	0	-24.107381353746174	-24.10190197402999
0.0	3.0948	0.5	-45.74134129940725	-0.1407603143731851	0	0	-24.107381864830458	-24.102159505803595
0.0	3.1026	0.5	-47.161525683973736	-0.13054291062739626	0	0	-24.1073824084907	-24.10240538006215
